673.77460 0.72587
671.62791 0.75834
670.19678 0.78742
668.94454 0.80622
667.51342 0.82672
663.57782 0.90710
662.32558 0.93276
661.61002 0.95500
660.35778 0.97894
658.74776 1.01315
658.03220 1.03197
656.77996 1.05591
655.52773 1.08670
654.45438 1.11407
653.20215 1.14829
652.30769 1.17909
651.77102 1.19621
650.87657 1.21502
650.16100 1.19444
649.80322 1.17216
649.62433 1.13104
649.26655 1.10704
648.90877 1.09161
648.55098 1.07104
647.83542 1.05046
646.76208 1.04015
644.61538 1.02979
641.75313 1.02627
639.06977 1.02618
636.92308 1.02611
634.59750 1.02774
631.91413 1.02765
629.40966 1.02756
626.90519 1.02747
624.57961 1.02740
621.71735 1.03072
617.96064 1.03059
615.09839 1.03392
612.23614 1.03211
610.44723 1.03205
607.76386 1.03538
605.61717 1.03531
602.93381 1.03693
600.42934 1.03856
597.38819 1.04017
593.81038 1.04005
591.48479 1.03997
588.08587 1.04156
585.04472 1.04660
583.43470 1.04826
581.28801 1.04818
578.96243 1.05153
576.63685 1.05316
573.95349 1.05821
571.98569 1.05814
569.83900 1.05978
567.69231 1.06313
565.36673 1.06477
563.39893 1.06813